























1110100010010010

111010001001000
1100101000001
1110100010011
00001101011
01101000101
11001010001
0100010100
1000011010
1110100011
100001100
100101010
111100010
00110011
01011011
10100011
0000100
0010001
0001110
0010110
1001100
1000111
1000101
1011001
1010111
0111011
1001001
0110011
0010000
0011100
0011000
11111111
11111011
11001110
11100111
10011111
10000011
01001100
10000111
00111010
00100100
00010110
00010010
00010111
00100101
01011001
00001100
111100011
01001101
00101010
00111101
00101011
01000110
10100010
01111100
01111101
01001000
01101100
01011010
00111110
01000111
01100010
10000010
10010100
11001001
11010101
11000011
11011001
11100110
0000111
0100001
0100101
0101011
0101010
1000000
0110010
0101000
1000010
0110000
0010011
0011011
0010100
0000000
11101101
11101001
11110000
11111001
0001000
11111101
11100011
11110010
0000011
0000001
0001010
0000101
0001101
0101110
0110101
0111111
1001011
1010000
1101000
1101101
1011011
1101011
1010110
1010100
1011010
0101111
0111101
0101001
0111000
0111001
1001000
1001110
1011000
1001101
1011110
1110111
1100010
1100110
1010101
1100011
1100000
1101001
1010011
1010010
1110000
1110010
1111011
1111010
1110101
1101111
1011101
1011111
0110111
0100000
0011010
0001111
11111100
11111000
11101100
11001000
11011000
11100010
11001111
10111000
11011101
11110011
10111001
11000010
11001011
11010100
01111001
01100011
00111011
00011000
111110101
111010000
110111000
100101011
00000100
111111101
110111001
00000101
111110100
00010011
01110100
10001001
00111111
01001111
01001001
00110010
00011001
00101110
01000100
01101001
01001110
00111100
00101111
10011110
01110101
10001101
10001000
01011000
10001100
01101101
01111000
111111100
110010101
011010000
010001011
000011011
1100101001
1000011011
0110100011
0100010101
0000110100
11101000101
01101000100
111010001000
110010100001
1100101000000
000011010100
0000110101011
0000110101010
1110100010010011

1110100010010100
1110100010010101



1110100010010110






1110100010010111










